$ANSIBLE_VAULT;1.1;AES256
38383833373765393463643432333135653532646432333566316134303537633432383764303437
3838633834383332366466623061316432623063623738310a303864336439353136363764646363
33376261616233393930376465323634363862306661626261303563616534643764623665643233
3939613764353661380a663331393234616664323334356133393430393731346363323231363433
35623061653965373363643532643064653031316434323339636465313963393932323131386563
63353166313736633866646561613330333337306438646561363263316133346130663930363132
61666163356239623762653037616232356265656437303665643033643565303462303939626134
39346366633834383661303965383131633666326165393431643036323265633138323263393165
36346331356665303163633435613765646636333033623564353466303635656666376435373863
37306539666638373032386338663066373931393661373236366539356164393064366231643130
33653964663437656433333130646662633462623764346165613438623930653334333933626334
39366438616232646361656130383238373136666432643739616235393463356333653063643634
35653330643163316632303739666331353032323961373837343633306638646661373364613237
31353732386262613363646662393234386435373166626636303334303530353463353061306234
66653031343263633662386366663739396261356365383939363564316263366164663063343232
34386538623031353833643539343938356435393266383136363163613036636236363138306234
30653965313863373336643536643837383064656537316634373463633530373762393132633863
63326132376633373763373537396366396136386436656639626362613365313831333631643530
61373032323931383934343931333839386138393531643266346436396536373532666337373264
38633734613434396465356462323165663161343964323462376262383035646165343438313133
62343432353461346361653133663932653361363536616535333737636462633339343532356465
30666461316439646535626162666362396631343335373635316666313065386631393162616439
36356339363230373631653234323463646330363734353932316161646134653563343562313535
36613366393636616133346165323733306462363737376132376234633665303462376366353531
3736
